J0323+0018__0 2 3 4 13 15 17 19 20 21 25 26 27 28 33 35 36 37 38 39 40 41 42 48
J0328-0710__0 6 7 8 9 10 13 25 26 32 33 35 37 39 48
J0400-0652__0 1 2 8 9 10 11 12 13 19 20 21 27 32 33 34 40 43 56 57 58 59 60 61
J0752+2019__3 4 5 6 7 8 9 22 29 30 31 32 33 34 35 36 37 38 39 40 41 42 56 59 76 88 93 105 106 108 110 111 114 115
J0813+0905__0 1 2 3 9 14 15 21 22 24 33 35 39 40 45 52 59 60 61 63 68 70 72 73 74 75 76 80 81 82 83 86 87 88 89 90 91 92 94 95 96 97 98 99 100 101 104 108 110 111 116 117 120 121 122 123 124 127 128 133 135 137 139 140 142 145 147 149 151 154 155 156 159 162
J0820+1801__0 1 2 3 4 5 6 7 8 9 10 11 20 27 29 33 39 40 41 42 46 47 52 53 55 58 59 60 61 62 63 64 66
J0821+1450__1 7 8 11 17 26 27 28 29 32 33 34 36 37 38 42 44 47 52 54 55 59 60 61 63 72 77 78 79
J0859+1001__0 1 4 5 8 11 21 23 25 26 28 30 31 32 34 35 36 45 57 58
J0901+1815__0 1 2 3 4 5 16 20 26 44 53 54 55 56 64 68 69 70 71 72 73 74 75
J0906+1840__0 1 4 5 6 7 8 9 10 18 29 31 39 41 47 48 50 51 52 53 54 55 56 57 58 59 60 61 62
J0912+0148__0 1 4 5 7 8 9 10 11 24 34 35 36 37 38 39 40 41 42 43 46 48 50 51 55 64 66 69 70 72 74 75 76 79 81 82 83 84 86 88 90 91 92
J0918+1100__0 5 13 14 16 17 18 19 21 23 24 25 26 28 30 32 33 34 35 42 43 44 45 46 50 51 52 53
J0918+1207__0 7 8 10 11 25 27 31 32 41 43 44 47 50
J0918+1406__7 8 11 21 22 24 27 28 29 30 42 44 45 46 48 49 50 51 52 53 54 55 61
J0926+0724__3 5 9 10 11 12 18 19 20 26 27 28 23 35 36 37 38 39 40 49 50 51 52 54 56 57 62 63 64 66
J0932+1611__0 2 4 5 6 7 8 16 27 32 33 42
J0944+1649__0 3 4 5 6 9 10 13 14 15 17 19 22 23 25 34 35 36 37 38 39 42 46
J1000+1242__1 2 3 5 6 9 11 12 14 18 19 25 26 29 30 31 32 33 34 42 43
J1015-0017__0 1 3 6 10 14 19 20 21 23 25 26 27 35 40 41 42 49 50 51
J1030+0425__0 4 7 11 12 14 15 20 23 24 25 27 28 29 30 32 33 42 45 47 48 49 50
J1044+0637__1 10 11 13 15 16 18 19 20 21 22 23 24 29 31 35 36 37 38 39 42 46 49 52
J1052+0054__0 1 18 20 32 37
J1115+1542__11 14 18 19 20 21 22 23 24 26 27
J1128+0500__2 9 13 14 15 16 19 20 21 22 26 27 28 29 30 31 32 33 34 36 37
J1138+0342__0 3 5 12 16 18 20 23 26 28 29 31 32 35 42 43 44 45 46 47
J1140+0918__6 7 8 12 26 35
J1144+1111__19 20 21 25
J1204+0335__2 6 7 9 20 21 22 25 26
J1222-0007__0 2 8 9 12 13 14 16 29 32 34 41 44
J1245+0535__7 15 16 17 24 31 32 33 34 36 42 43 44
J1308+0759__0 4 7 11 12 13 14 15 16 18 21 25 26 27 30 32 36 37
J1336+0803__3 6 10 11 12 13 23 24 29 33 34 38 43
J1338+0803__0 5 9 12 13 14 15 20 21 22 27 32 35 37 38 39 40 42 47 48 49 50 51 52 53 60
J1340-0308__2 5 7 8 9 10 15 16 19 22 28 29 30 32 34 38 40 51 57 58 59
J1341-0049__5 6 9 10 11 16 25 26 29 30 40 41 44 48 52
J1345+1228__0 2 8 9 10 11 12 13 14 15 26 27 29 34 35
J1402+0215__0 1 6 7 8 9 10 11 15 17 24 25 27 30 31 32 34 35 40 41 43 45 47 54 55 56 58 59 70 71 73 79
J1402+1540__0 1 2 5 6 7 13 14 15 17 18 19 24 25 28 30 35 37 39 40 41 42
J1425-0058__0 1 6 11 12 13 14 15 16 17 18 19 20 21 22 23 26 32 33 34 39 54 68 69 70 71 72
J1504+0151__0 2 4 13 14 15 16 17 20 21 24 26 28 32 40 42 48
J1516+0529__0 2 3 4 5 6 7 20 23 26 28 30 31 38 39 40 44 46 47 50 66 72 73 74 75 76 77 78 79
